              precision    recall  f1-score   support

          31       0.00      0.00      0.00         1
          41       0.00      0.00      0.00         1
          54       0.00      0.00      0.00         1
          56       0.00      0.00      0.00         1
          67       0.00      0.00      0.00         2
          70       0.00      0.00      0.00         1
          77       0.00      0.00      0.00         1
          80       0.00      0.00      0.00         1
          90       0.00      0.00      0.00         1
          91       0.00      0.00      0.00         1
          93       0.00      0.00      0.00         1
          95       0.00      0.00      0.00         3
          98       0.00      0.00      0.00         1
          99       0.00      0.00      0.00         1
         103       0.00      0.00      0.00         1
         104       0.00      0.00      0.00         0
         106       0.00      0.00      0.00         3
         109       0.00      0.00      0.00         1
         111       0.00      0.00      0.00         2
         115       0.00      0.00      0.00         1
         117       0.00      0.00      0.00         1
         118       0.00      0.00      0.00         0
         120       0.00      0.00      0.00         2
         122       0.00      0.00      0.00         3
         123       0.00      0.00      0.00         1
         125       0.00      0.00      0.00         2
         126       0.00      0.00      0.00         2
         128       0.00      0.00      0.00         1
         133       0.00      0.00      0.00         1
         137       0.00      0.00      0.00         2
         145       0.00      0.00      0.00         1
         146       0.00      0.00      0.00         2
         150       0.00      0.00      0.00         1
         152       0.00      0.00      0.00         1
         153       0.00      0.00      0.00         1
         154       0.00      0.00      0.00         1
         155       0.00      0.00      0.00         2
         156       0.00      0.00      0.00         0
         157       0.00      0.00      0.00         1
         160       0.00      0.00      0.00         2
         161       0.00      0.00      0.00         2
         162       0.00      0.00      0.00         2
         163       0.00      0.00      0.00         5
         164       0.00      0.00      0.00         2
         167       0.00      0.00      0.00         1
         169       0.00      0.00      0.00         2
         174       0.00      0.00      0.00         1
         175       0.00      0.00      0.00         1
         176       0.00      0.00      0.00         0
         177       0.00      0.00      0.00         2
         178       0.00      0.00      0.00         1
         179       0.00      0.00      0.00         2
         180       0.00      0.00      0.00         5
         181       0.00      0.00      0.00         2
         182       0.00      0.00      0.00         1
         183       0.00      0.00      0.00         1
         185       0.00      0.00      0.00         2
         186       0.00      0.00      0.00         7
         187       0.00      0.00      0.00         3
         190       0.00      0.00      0.00         1
         191       0.00      0.00      0.00         2
         193       0.00      0.00      0.00         0
         194       0.00      0.00      0.00         2
         195       0.00      0.00      0.00         2
         196       0.00      0.00      0.00         2
         197       0.00      0.00      0.00         1
         199       0.00      0.00      0.00         1
         200       0.00      0.00      0.00         5
         201       0.00      0.00      0.00         3
         202       0.00      0.00      0.00         2
         203       0.00      0.00      0.00         2
         206       0.00      0.00      0.00         3
         207       0.00      0.00      0.00         1
         208       0.00      0.00      0.00         1
         209       0.00      0.00      0.00         3
         210       0.00      0.00      0.00         1
         211       0.00      0.00      0.00         7
         212       0.00      0.00      0.00         1
         213       0.00      0.00      0.00         3
         214       0.00      0.00      0.00         2
         215       0.00      0.00      0.00         5
         216       0.00      0.00      0.00         1
         217       0.00      0.00      0.00         2
         218       0.00      0.00      0.00         3
         219       0.00      0.00      0.00         6
         220       0.00      0.00      0.00         2
         221       0.00      0.00      0.00         4
         222       0.00      0.00      0.00         3
         223       0.00      0.00      0.00         3
         224       0.00      0.00      0.00         9
         225       0.00      0.00      0.00         3
         226       0.00      0.00      0.00         3
         227       0.00      0.00      0.00         4
         228       0.00      0.00      0.00         3
         229       0.00      0.00      0.00         1
         230       0.00      0.00      0.00         1
         231       0.00      0.00      0.00         1
         232       0.00      0.00      0.00         3
         233       0.00      0.00      0.00         5
         235       0.00      0.00      0.00         6
         236       0.00      0.00      0.00         7
         237       0.00      0.00      0.00         0
         238       0.00      0.00      0.00         2
         239       0.00      0.00      0.00         1
         240       0.00      0.00      0.00         6
         241       0.00      0.00      0.00         4
         242       0.00      0.00      0.00         3
         243       0.00      0.00      0.00         0
         244       0.00      0.00      0.00         5
         245       0.00      0.00      0.00         3
         246       0.00      0.00      0.00         3
         247       0.00      0.00      0.00         3
         248       0.00      0.00      0.00         6
         249       0.00      0.00      0.00         5
         250       0.00      0.00      0.00         6
         251       0.00      0.00      0.00         6
         252       0.00      0.00      0.00         7
         253       0.00      0.00      0.00         3
         254       0.00      0.00      0.00         3
         255       0.00      0.00      0.00         7
         256       0.00      0.00      0.00         1
         258       0.00      0.00      0.00         4
         259       0.00      0.00      0.00         1
         260       0.12      0.11      0.12         9
         261       0.00      0.00      0.00         9
         262       0.00      0.00      0.00         5
         263       0.00      0.00      0.00         5
         264       0.00      0.00      0.00         4
         265       0.00      0.00      0.00         7
         266       0.00      0.00      0.00         2
         267       0.00      0.00      0.00         1
         268       0.00      0.00      0.00         7
         269       0.00      0.00      0.00         2
         270       0.00      0.00      0.00         4
         271       0.00      0.00      0.00         5
         272       0.00      0.00      0.00         5
         273       0.00      0.00      0.00         2
         274       0.00      0.00      0.00         1
         275       0.00      0.00      0.00         8
         276       0.00      0.00      0.00         8
         277       0.00      0.00      0.00        15
         278       0.00      0.00      0.00         6
         279       0.00      0.00      0.00         5
         280       0.00      0.00      0.00         6
         281       0.00      0.00      0.00         8
         282       0.00      0.00      0.00         1
         283       0.00      0.00      0.00         9
         284       0.06      0.14      0.08         7
         285       0.00      0.00      0.00         8
         286       0.00      0.00      0.00         3
         287       0.00      0.00      0.00        11
         288       0.00      0.00      0.00         7
         289       0.00      0.00      0.00         4
         290       0.00      0.00      0.00         3
         291       0.00      0.00      0.00         8
         292       0.00      0.00      0.00        11
         293       0.00      0.00      0.00         9
         294       0.00      0.00      0.00         3
         295       0.00      0.00      0.00         3
         296       0.00      0.00      0.00         1
         297       0.00      0.00      0.00         2
         298       0.00      0.00      0.00         2
         299       0.00      0.00      0.00         9
         300       0.00      0.00      0.00         6
         301       0.00      0.00      0.00         3
         302       0.00      0.00      0.00         5
         304       0.00      0.00      0.00         9
         305       0.00      0.00      0.00        10
         306       0.00      0.00      0.00         3
         307       0.00      0.00      0.00        15
         308       0.00      0.00      0.00         6
         309       0.00      0.00      0.00         3
         310       0.00      0.00      0.00        11
         311       0.20      0.06      0.09        18
         312       0.00      0.00      0.00         9
         313       0.00      0.00      0.00         6
         314       0.00      0.00      0.00        12
         315       0.00      0.00      0.00         6
         316       0.09      0.30      0.14        10
         317       0.00      0.00      0.00        10
         318       0.00      0.00      0.00         4
         319       0.00      0.00      0.00         7
         320       0.00      0.00      0.00         5
         321       0.00      0.00      0.00         5
         322       0.00      0.00      0.00         6
         323       0.00      0.00      0.00        12
         324       0.00      0.00      0.00         6
         325       0.00      0.00      0.00        14
         326       0.00      0.00      0.00         2
         327       0.00      0.00      0.00         3
         328       0.00      0.00      0.00         9
         329       0.02      0.11      0.04         9
         330       0.00      0.00      0.00         2
         331       0.00      0.00      0.00        12
         332       0.00      0.00      0.00         9
         333       0.00      0.00      0.00         5
         334       0.00      0.00      0.00        20
         335       0.00      0.00      0.00         6
         336       0.00      0.00      0.00         4
         337       0.00      0.00      0.00        11
         339       0.00      0.00      0.00         7
         340       0.00      0.00      0.00        13
         341       0.00      0.00      0.00         5
         342       0.00      0.00      0.00         8
         343       0.00      0.00      0.00         3
         344       0.00      0.00      0.00         9
         345       0.00      0.00      0.00        13
         346       0.00      0.00      0.00         1
         347       0.00      0.00      0.00         9
         348       0.00      0.00      0.00         4
         349       0.00      0.00      0.00         6
         350       0.00      0.00      0.00        10
         351       0.00      0.00      0.00         4
         352       0.00      0.00      0.00         6
         353       0.13      0.12      0.12        17
         354       0.00      0.00      0.00         3
         355       0.00      0.00      0.00         7
         356       0.00      0.00      0.00         9
         357       0.00      0.00      0.00         6
         358       0.00      0.00      0.00        19
         359       0.00      0.00      0.00        11
         360       0.00      0.00      0.00         9
         361       0.00      0.00      0.00         2
         362       0.00      0.00      0.00         5
         363       0.00      0.00      0.00        14
         364       0.03      0.06      0.04        16
         365       0.00      0.00      0.00         7
         366       0.00      0.00      0.00         8
         368       0.00      0.00      0.00         3
         369       0.00      0.00      0.00         8
         370       0.00      0.00      0.00        10
         371       0.00      0.00      0.00         5
         372       0.00      0.00      0.00        10
         373       0.00      0.00      0.00        10
         374       0.00      0.00      0.00        12
         375       0.00      0.00      0.00         9
         376       0.00      0.00      0.00         7
         377       0.00      0.00      0.00        10
         378       0.00      0.00      0.00        10
         379       0.00      0.00      0.00        11
         380       0.00      0.00      0.00        10
         381       0.00      0.00      0.00         3
         382       0.00      0.00      0.00        20
         383       0.00      0.00      0.00         6
         384       0.00      0.00      0.00         7
         386       0.00      0.00      0.00         9
         387       0.00      0.00      0.00         1
         388       0.00      0.00      0.00         6
         389       0.00      0.00      0.00        15
         390       0.00      0.00      0.00         7
         391       0.00      0.00      0.00         1
         392       0.00      0.00      0.00         4
         393       0.00      0.00      0.00         1
         394       0.00      0.00      0.00         2
         395       0.00      0.00      0.00         3
         396       0.00      0.00      0.00         1
         397       0.00      0.00      0.00        12
         398       0.00      0.00      0.00         2
         400       0.00      0.00      0.00        15
         401       0.00      0.00      0.00        20
         402       0.00      0.00      0.00        19
         403       0.00      0.00      0.00        14
         404       0.00      0.00      0.00         4
         405       0.00      0.00      0.00         3
         406       0.00      0.00      0.00         7
         407       0.00      0.00      0.00        13
         409       0.00      0.00      0.00         4
         410       0.00      0.00      0.00         7
         411       0.00      0.00      0.00         3
         412       0.00      0.00      0.00         6
         413       0.00      0.00      0.00        10
         414       0.00      0.00      0.00         1
         415       0.01      1.00      0.02        10
         416       0.00      0.00      0.00         6
         417       0.00      0.00      0.00         6
         418       0.00      0.00      0.00         2
         419       0.00      0.00      0.00        17
         420       0.00      0.00      0.00         7
         421       0.00      0.00      0.00         3
         422       0.00      0.00      0.00         8
         423       0.00      0.00      0.00         7
         424       0.00      0.00      0.00         2
         425       0.00      0.00      0.00        10
         426       0.00      0.00      0.00         7
         427       0.00      0.00      0.00         4
         428       0.00      0.00      0.00         9
         430       0.00      0.00      0.00         6
         431       0.00      0.00      0.00        10
         432       0.00      0.00      0.00         6
         433       0.00      0.00      0.00         4
         434       0.00      0.00      0.00         5
         435       0.00      0.00      0.00         2
         436       0.00      0.00      0.00         9
         437       0.00      0.00      0.00        10
         438       0.00      0.00      0.00         8
         439       0.00      0.00      0.00         7
         440       0.06      0.11      0.07         9
         441       0.00      0.00      0.00         3
         442       0.00      0.00      0.00         5
         443       0.00      0.00      0.00         3
         444       0.00      0.00      0.00         4
         445       0.00      0.00      0.00         5
         446       0.00      0.00      0.00         8
         447       0.00      0.00      0.00         2
         448       0.00      0.00      0.00         4
         449       0.00      0.00      0.00         3
         450       0.00      0.00      0.00         9
         451       0.00      0.00      0.00        12
         452       0.00      0.00      0.00        13
         453       0.00      0.00      0.00         2
         454       0.00      0.00      0.00        14
         455       0.00      0.00      0.00         4
         456       0.00      0.00      0.00         1
         457       0.00      0.00      0.00         3
         458       0.00      0.00      0.00         1
         459       0.00      0.00      0.00         5
         460       0.00      0.00      0.00         6
         461       0.00      0.00      0.00         3
         462       0.00      0.00      0.00         1
         463       0.00      0.00      0.00        10
         464       0.00      0.00      0.00         8
         465       0.00      0.00      0.00         4
         466       0.00      0.00      0.00         4
         467       0.00      0.00      0.00         6
         468       0.00      0.00      0.00         9
         469       0.00      0.00      0.00         4
         470       0.00      0.00      0.00         5
         471       0.00      0.00      0.00        18
         473       0.00      0.00      0.00        14
         474       0.00      0.00      0.00         7
         475       0.00      0.00      0.00         5
         476       0.00      0.00      0.00         2
         477       0.00      0.00      0.00         7
         478       0.00      0.00      0.00         2
         479       0.00      0.00      0.00         6
         482       0.00      0.00      0.00        10
         483       0.00      0.00      0.00         1
         484       0.00      0.00      0.00         3
         485       0.00      0.00      0.00         5
         486       0.00      0.00      0.00         5
         487       0.00      0.00      0.00         8
         488       0.00      0.00      0.00        11
         489       0.00      0.00      0.00         2
         490       0.00      0.00      0.00         1
         491       0.17      0.12      0.14         8
         492       0.00      0.00      0.00        17
         493       0.00      0.00      0.00         7
         494       0.00      0.00      0.00         3
         495       0.00      0.00      0.00         2
         496       0.00      0.00      0.00         4
         497       0.00      0.00      0.00         7
         498       0.00      0.00      0.00        10
         499       0.00      0.00      0.00         5
         501       0.00      0.00      0.00         3
         502       0.00      0.00      0.00         3
         504       0.00      0.00      0.00         3
         505       0.00      0.00      0.00        10
         506       0.00      0.00      0.00         8
         507       0.00      0.00      0.00         5
         508       0.00      0.00      0.00         0
         509       0.00      0.00      0.00         5
         510       0.00      0.00      0.00         4
         511       0.00      0.00      0.00         7
         512       0.00      0.00      0.00         6
         513       0.00      0.00      0.00         4
         514       0.00      0.00      0.00         2
         515       0.11      0.33      0.17         3
         516       0.00      0.00      0.00         1
         517       0.00      0.00      0.00         5
         518       0.00      0.00      0.00         5
         519       0.00      0.00      0.00         2
         520       0.00      0.00      0.00         2
         521       0.00      0.00      0.00         4
         522       0.00      0.00      0.00         6
         523       0.00      0.00      0.00        14
         524       0.00      0.00      0.00        11
         525       0.00      0.00      0.00         6
         526       0.00      0.00      0.00         3
         527       0.00      0.00      0.00        16
         528       0.00      0.00      0.00         2
         529       0.00      0.00      0.00         1
         530       0.00      0.00      0.00         5
         531       0.00      0.00      0.00         4
         532       0.00      0.00      0.00         3
         533       0.00      0.00      0.00         4
         534       0.00      0.00      0.00         6
         535       0.00      0.00      0.00         2
         536       0.00      0.00      0.00         5
         537       0.00      0.00      0.00         3
         538       0.00      0.00      0.00         4
         539       0.00      0.00      0.00         4
         541       0.00      0.00      0.00         9
         542       0.00      0.00      0.00         2
         543       0.00      0.00      0.00         2
         544       0.00      0.00      0.00         7
         545       0.00      0.00      0.00         5
         546       0.00      0.00      0.00         4
         547       0.00      0.00      0.00         9
         548       0.00      0.00      0.00        17
         550       0.00      0.00      0.00         5
         551       0.00      0.00      0.00         7
         552       0.00      0.00      0.00         7
         553       0.00      0.00      0.00         5
         554       0.00      0.00      0.00         9
         555       0.00      0.00      0.00         3
         556       0.00      0.00      0.00         1
         557       0.00      0.00      0.00         3
         558       0.00      0.00      0.00         8
         559       0.00      0.00      0.00         2
         560       0.00      0.00      0.00         1
         561       0.00      0.00      0.00         2
         562       0.00      0.00      0.00         2
         563       0.00      0.00      0.00         5
         565       0.00      0.00      0.00         7
         567       0.00      0.00      0.00         4
         568       0.00      0.00      0.00         6
         569       0.00      0.00      0.00         1
         570       0.00      0.00      0.00         5
         571       0.00      0.00      0.00         6
         572       0.00      0.00      0.00         2
         573       0.00      0.00      0.00         9
         574       0.00      0.00      0.00        14
         575       0.00      0.00      0.00         1
         576       0.00      0.00      0.00         4
         577       0.00      0.00      0.00         1
         578       0.00      0.00      0.00         1
         579       0.00      0.00      0.00         4
         580       0.00      0.00      0.00        11
         582       0.00      0.00      0.00         1
         583       0.00      0.00      0.00         3
         584       0.00      0.00      0.00         4
         585       0.00      0.00      0.00         4
         586       0.00      0.00      0.00         3
         587       0.00      0.00      0.00         2
         588       0.00      0.00      0.00         7
         589       0.00      0.00      0.00         2
         590       0.00      0.00      0.00         6
         592       0.00      0.00      0.00        11
         593       0.00      0.00      0.00         6
         594       0.00      0.00      0.00         4
         596       0.00      0.00      0.00         4
         597       0.00      0.00      0.00         6
         598       0.00      0.00      0.00         2
         599       0.00      0.00      0.00         8
         600       0.00      0.00      0.00         5
         601       0.00      0.00      0.00         4
         602       0.00      0.00      0.00         1
         605       0.00      0.00      0.00        10
         606       0.00      0.00      0.00         2
         608       0.00      0.00      0.00         5
         609       0.00      0.00      0.00         1
         610       0.00      0.00      0.00         4
         611       0.00      0.00      0.00         4
         612       0.00      0.00      0.00        12
         613       0.00      0.00      0.00         1
         615       0.00      0.00      0.00         3
         616       0.00      0.00      0.00         3
         617       0.00      0.00      0.00         5
         618       0.00      0.00      0.00         4
         619       0.00      0.00      0.00         3
         620       0.00      0.00      0.00         2
         622       0.00      0.00      0.00         6
         624       0.00      0.00      0.00         4
         625       0.00      0.00      0.00         3
         626       0.00      0.00      0.00         3
         627       0.00      0.00      0.00         2
         628       0.00      0.00      0.00         2
         629       0.00      0.00      0.00         4
         630       0.00      0.00      0.00         3
         631       0.00      0.00      0.00         2
         632       0.00      0.00      0.00         2
         633       0.00      0.00      0.00         6
         634       0.00      0.00      0.00         3
         635       0.00      0.00      0.00         2
         636       0.00      0.00      0.00         0
         637       0.00      0.00      0.00         2
         638       0.00      0.00      0.00         1
         639       0.00      0.00      0.00         8
         640       0.00      0.00      0.00         6
         642       0.00      0.00      0.00         3
         643       0.00      0.00      0.00         4
         644       0.00      0.00      0.00        10
         645       0.00      0.00      0.00        11
         646       0.00      0.00      0.00         1
         647       0.00      0.00      0.00         2
         648       0.00      0.00      0.00         2
         649       0.00      0.00      0.00         4
         650       0.00      0.00      0.00         8
         651       0.00      0.00      0.00         3
         653       0.00      0.00      0.00         3
         654       0.00      0.00      0.00         5
         655       0.00      0.00      0.00         4
         656       0.00      0.00      0.00         4
         657       0.00      0.00      0.00         1
         658       0.00      0.00      0.00         2
         659       0.00      0.00      0.00         4
         660       0.00      0.00      0.00         3
         661       0.00      0.00      0.00         4
         662       0.00      0.00      0.00         1
         664       0.00      0.00      0.00         5
         665       0.00      0.00      0.00        10
         666       0.00      0.00      0.00         4
         667       0.00      0.00      0.00         4
         668       0.00      0.00      0.00         8
         669       0.00      0.00      0.00         5
         670       0.00      0.00      0.00         1
         671       0.00      0.00      0.00         7
         673       0.00      0.00      0.00         5
         674       0.00      0.00      0.00         7
         675       0.00      0.00      0.00         2
         676       0.00      0.00      0.00         2
         678       0.00      0.00      0.00         1
         679       0.00      0.00      0.00         2
         681       0.14      0.17      0.15         6
         682       0.00      0.00      0.00         3
         683       0.00      0.00      0.00         3
         685       0.00      0.00      0.00         3
         686       0.00      0.00      0.00         1
         687       0.00      0.00      0.00         4
         688       0.00      0.00      0.00         4
         689       0.00      0.00      0.00         4
         690       0.00      0.00      0.00         2
         691       0.00      0.00      0.00         2
         692       0.00      0.00      0.00         4
         693       0.00      0.00      0.00         1
         694       0.00      0.00      0.00         3
         695       0.00      0.00      0.00         5
         696       0.00      0.00      0.00         3
         698       0.00      0.00      0.00         3
         699       0.00      0.00      0.00         6
         700       0.00      0.00      0.00         1
         701       0.00      0.00      0.00         0
         702       0.00      0.00      0.00         7
         703       0.00      0.00      0.00         3
         704       0.00      0.00      0.00         1
         706       0.00      0.00      0.00         1
         707       0.00      0.00      0.00         1
         708       0.00      0.00      0.00         2
         709       0.00      0.00      0.00         0
         710       0.00      0.00      0.00         2
         711       0.00      0.00      0.00         4
         712       0.00      0.00      0.00         2
         714       0.00      0.00      0.00         8
         715       0.00      0.00      0.00         5
         716       0.00      0.00      0.00         2
         717       0.00      0.00      0.00         2
         718       0.00      0.00      0.00         6
         719       0.00      0.00      0.00         5
         721       0.00      0.00      0.00         4
         725       0.00      0.00      0.00         3
         726       0.00      0.00      0.00         8
         727       0.00      0.00      0.00         1
         728       0.00      0.00      0.00         1
         729       0.00      0.00      0.00         4
         730       0.00      0.00      0.00         3
         731       0.00      0.00      0.00         3
         732       0.00      0.00      0.00         1
         734       0.00      0.00      0.00         1
         736       0.00      0.00      0.00         1
         737       0.00      0.00      0.00         2
         738       0.00      0.00      0.00         3
         739       0.00      0.00      0.00         3
         740       0.00      0.00      0.00         3
         741       0.00      0.00      0.00         1
         743       0.00      0.00      0.00         4
         745       0.00      0.00      0.00         1
         747       0.00      0.00      0.00         1
         748       0.00      0.00      0.00         1
         749       0.00      0.00      0.00         3
         751       0.00      0.00      0.00         3
         752       0.00      0.00      0.00         2
         753       0.00      0.00      0.00         1
         754       0.00      0.00      0.00         4
         755       0.00      0.00      0.00         3
         757       0.00      0.00      0.00         3
         758       0.00      0.00      0.00         3
         759       0.00      0.00      0.00         2
         761       0.00      0.00      0.00         1
         762       0.00      0.00      0.00         1
         763       0.00      0.00      0.00         4
         764       0.00      0.00      0.00         1
         765       0.00      0.00      0.00         1
         766       0.00      0.00      0.00         1
         768       0.00      0.00      0.00         5
         771       0.00      0.00      0.00         1
         772       0.00      0.00      0.00         0
         773       0.00      0.00      0.00         1
         774       0.00      0.00      0.00         1
         775       0.00      0.00      0.00         0
         777       0.00      0.00      0.00         1
         778       0.00      0.00      0.00         2
         780       0.00      0.00      0.00         1
         781       0.00      0.00      0.00         3
         782       0.00      0.00      0.00         1
         784       0.00      0.00      0.00         1
         786       0.00      0.00      0.00         1
         787       0.00      0.00      0.00         1
         788       0.00      0.00      0.00         3
         791       0.00      0.00      0.00         4
         792       0.00      0.00      0.00         2
         793       0.00      0.00      0.00         3
         794       0.00      0.00      0.00         1
         796       0.00      0.00      0.00         3
         798       0.00      0.00      0.00         0
         799       0.00      0.00      0.00         3
         800       0.00      0.00      0.00         1
         802       0.00      0.00      0.00         1
         803       0.00      0.00      0.00         2
         804       0.00      0.00      0.00         1
         805       0.00      0.00      0.00         3
         806       0.00      0.00      0.00         4
         807       0.00      0.00      0.00         1
         810       0.00      0.00      0.00         2
         813       0.00      0.00      0.00         0
         815       0.00      0.00      0.00         1
         816       0.00      0.00      0.00         2
         817       0.00      0.00      0.00         2
         818       0.00      0.00      0.00         1
         819       0.00      0.00      0.00         1
         820       0.00      0.00      0.00         1
         821       0.00      0.00      0.00         2
         822       0.00      0.00      0.00         2
         824       0.00      0.00      0.00         0
         827       0.00      0.00      0.00         1
         829       0.00      0.00      0.00         3
         830       0.00      0.00      0.00         1
         831       0.00      0.00      0.00         1
         832       0.00      0.00      0.00         1
         834       0.00      0.00      0.00         1
         835       0.00      0.00      0.00         1
         836       0.00      0.00      0.00         1
         837       0.00      0.00      0.00         3
         838       0.00      0.00      0.00         2
         840       0.00      0.00      0.00         1
         842       0.00      0.00      0.00         1
         844       0.00      0.00      0.00         1
         849       0.00      0.00      0.00         1
         851       0.00      0.00      0.00         1
         852       0.00      0.00      0.00         1
         853       0.00      0.00      0.00         1
         857       0.00      0.00      0.00         1
         859       0.00      0.00      0.00         1
         862       0.00      0.00      0.00         1
         863       0.00      0.00      0.00         2
         866       0.00      0.00      0.00         1
         867       0.00      0.00      0.00         3
         868       0.00      0.00      0.00         1
         869       0.00      0.00      0.00         1
         871       0.00      0.00      0.00         1
         873       0.00      0.00      0.00         1
         875       0.00      0.00      0.00         3
         878       0.00      0.00      0.00         2
         879       0.00      0.00      0.00         1
         883       0.00      0.00      0.00         1
         884       0.00      0.00      0.00         1
         887       0.00      0.00      0.00         1
         892       0.00      0.00      0.00         2
         893       0.00      0.00      0.00         2
         896       0.25      0.50      0.33         2
         897       0.00      0.00      0.00         1
         899       0.00      0.00      0.00         1
         901       0.00      0.00      0.00         3
         903       0.00      0.00      0.00         1
         904       0.00      0.00      0.00         2
         905       0.00      0.00      0.00         1
         906       0.00      0.00      0.00         1
         908       0.00      0.00      0.00         1
         909       0.00      0.00      0.00         1
         910       0.00      0.00      0.00         2
         911       0.00      0.00      0.00         1
         913       0.00      0.00      0.00         2
         914       0.00      0.00      0.00         1
         915       0.00      0.00      0.00         2
         918       0.00      0.00      0.00         1
         919       0.00      0.00      0.00         2
         920       0.00      0.00      0.00         0
         930       0.00      0.00      0.00         1
         931       0.00      0.00      0.00         1
         933       0.00      0.00      0.00         1
         935       0.00      0.00      0.00         1
         937       0.00      0.00      0.00         1
         941       0.00      0.00      0.00         2
         943       0.00      0.00      0.00         2
         946       0.00      0.00      0.00         1
         947       0.00      0.00      0.00         1
         959       0.00      0.00      0.00         1
         963       0.00      0.00      0.00         1
         966       0.00      0.00      0.00         0
         968       0.00      0.00      0.00         1
         969       0.00      0.00      0.00         1
         975       0.00      0.00      0.00         2
         981       0.00      0.00      0.00         1
         983       0.00      0.00      0.00         1
         984       0.00      0.00      0.00         0
         986       0.00      0.00      0.00         0
         990       0.00      0.00      0.00         1
        1004       0.00      0.00      0.00         3
        1020       0.00      0.00      0.00         1
        1021       0.00      0.00      0.00         0
        1026       0.00      0.00      0.00         1
        1032       0.00      0.00      0.00         1
        1039       0.00      0.00      0.00         1
        1059       0.00      0.00      0.00         2
        1062       0.00      0.00      0.00         0
        1070       0.00      0.00      0.00         1
        1078       0.00      0.00      0.00         1
        1090       0.00      0.00      0.00         1
        1117       0.00      0.00      0.00         1
        1123       0.00      0.00      0.00         0
        1132       0.00      0.00      0.00         0
        1137       0.00      0.00      0.00         1
        1142       0.00      0.00      0.00         0
        1145       0.00      0.00      0.00         1
        1163       0.00      0.00      0.00         1
        1165       0.00      0.00      0.00         1
        1171       0.00      0.00      0.00         1
        1174       0.00      0.00      0.00         1
        1175       0.00      0.00      0.00         1
        1187       0.00      0.00      0.00         1
        1195       0.00      0.00      0.00         1
        1200       0.00      0.00      0.00         1
        1229       0.00      0.00      0.00         0
        1233       0.00      0.00      0.00         0
        1270       0.00      0.00      0.00         1
        1310       0.00      0.00      0.00         1
        1311       0.00      0.00      0.00         1
        1315       0.00      0.00      0.00         0
        1333       0.00      0.00      0.00         1
        1334       0.00      0.00      0.00         1
        1337       0.00      0.00      0.00         0
        1355       0.00      0.00      0.00         0
        1382       0.00      0.00      0.00         0
        1395       0.00      0.00      0.00         1
        1431       0.00      0.00      0.00         1
        1435       0.00      0.00      0.00         1
        1441       0.00      0.00      0.00         1
        1455       0.00      0.00      0.00         1
        1463       0.00      0.00      0.00         1
        1476       0.00      0.00      0.00         1
        1482       0.00      0.00      0.00         1
        1502       0.00      0.00      0.00         1
        1541       0.00      0.00      0.00         2
        1543       0.00      0.00      0.00         1
        1575       0.00      0.00      0.00         1
        1723       0.00      0.00      0.00         1
        1829       0.00      0.00      0.00         1
        1929       0.00      0.00      0.00         1
        2088       0.00      0.00      0.00         1
        2179       0.00      0.00      0.00         1
        2372       0.00      0.00      0.00         1
        2482       0.00      0.00      0.00         1
        2510       0.00      0.00      0.00         0

    accuracy                           0.01      3000
   macro avg       0.00      0.00      0.00      3000
weighted avg       0.00      0.01      0.00      3000
